positive\1688825885.6123037.jpg 3 250 40 35 58 244 0 23 46 24 68 53 37
positive\1688825885.9049714.jpg 3 247 48 40 62 235 0 33 48 11 70 58 44
positive\1688825886.2931397.jpg 3 1 73 61 71 256 70 50 68 246 12 32 48
positive\1688825886.600958.jpg 3 264 86 56 68 251 12 37 63 1 95 50 64
positive\1688825886.9488206.jpg 3 274 99 41 67 257 17 30 62 0 108 45 67
positive\1688825887.2907624.jpg 3 286 114 49 65 264 26 38 61 0 131 44 65
positive\1688825887.569883.jpg 3 291 121 48 69 268 25 32 68 0 134 42 68
positive\1688825887.8020194.jpg 3 297 123 40 70 269 34 35 59 1 145 33 53
positive\1688825892.2904527.jpg 3 282 146 33 63 316 42 22 62 26 75 57 58
positive\1688825892.4919822.jpg 3 283 144 47 49 318 44 34 56 25 75 58 54
positive\1688825892.6309888.jpg 3 25 75 53 59 285 147 40 63 320 40 24 62
positive\1688825892.8087687.jpg 3 279 141 49 69 319 45 31 61 26 75 56 63
positive\1688825897.3375132.jpg 4 268 148 45 70 340 45 37 76 61 70 53 36 5 67 49 35
positive\1688825901.368126.jpg 4 266 154 47 57 345 60 32 61 78 65 38 39 24 69 41 27
positive\1688825905.1306727.jpg 3 262 165 45 45 340 64 41 49 78 65 49 36
positive\1688825911.453333.jpg 4 66 68 55 43 24 70 37 37 265 147 55 68 351 58 31 65
positive\1688825914.0628207.jpg 4 262 131 58 92 348 53 37 71 66 71 52 42 10 68 47 38
positive\1688825918.526254.jpg 4 279 113 41 104 362 51 26 74 56 69 52 50 0 66 52 50
positive\1688825920.9312253.jpg 4 268 114 64 101 352 51 53 69 54 67 57 49 4 69 42 46
positive\1688825926.6109426.jpg 4 280 77 54 136 361 51 36 81 46 70 49 57 2 69 34 59
positive\1688825926.895207.jpg 4 285 75 48 144 368 50 30 84 50 71 46 54 4 70 34 55
positive\1688825936.0809596.jpg 6 201 115 56 110 425 76 77 99 246 27 21 43 205 22 24 43 180 41 33 53 167 36 16 51
positive\1688825944.6225605.jpg 6 185 112 39 104 448 113 54 102 234 35 28 48 272 21 24 42 312 31 20 29 337 22 18 40
positive\1688825986.64169.jpg 2 1 181 60 73 432 69 57 67
positive\1688826000.7811103.jpg 5 399 111 43 53 449 29 49 43 227 6 32 52 171 1 35 36 39 93 50 50
